[1] Save and Exit    [2] Bookings    [3] Reservations
  ________________________________________________

          [1] 101    [6] 201    [11] 301
  ________________________________________________

          [2] 102    [7] 202    [12] 302
  ________________________________________________

          [3] 103    [8] 203    [13] 303
  ________________________________________________

          [4] 104    [9] 204    [14] 304
  ________________________________________________

          [5] 105    [10] 205   [15] 305
  ________________________________________________